814 587
258 547
331 465
315 439
113 314
131 496
314 298
298 362
68 555
380 162
537 371
140 57
421 403
385 505
140 115
506 531
467 45
28 404
320 63
473 402
556 500
60 107
359 130
512 107
543 277
115 59
79 412
497 104
222 130
211 554
492 318
13 117
461 432
139 176
131 573
259 338
539 515
579 234
538 528
566 363
6 421
471 57
151 85
458 178
362 476
193 205
499 249
23 478
353 585
33 556
41 499
524 228
501 50
178 101
357 427
13 482
203 576
227 503
341 307
233 218
426 429
277 348
48 232
414 199
62 545
302 243
75 127
2 233
15 206
376 302
44 288
251 253
414 342
582 238
453 373
228 6
490 253
60 117
279 348
89 348
531 248
91 76
326 183
324 337
357 194
430 88
325 173
544 499
420 353
287 268
244 571
162 2
543 458
8 305
305 142
424 534
579 44
500 485
455 529
255 238
94 284
571 386
195 135
115 113
81 404
45 310
311 55
420 77
523 452
529 239
523 324
266 418
496 353
54 244
38 553
565 382
176 64
501 180
387 189
159 312
271 575
413 572
341 206
66 561
400 143
507 100
204 232
243 339
29 90
79 134
345 438
182 562
225 212
188 71
524 365
356 119
272 534
171 218
158 141
453 201
384 114
382 259
452 79
77 196
303 395
139 238
567 481
420 512
311 181
15 188
489 261
522 228
373 240
222 219
333 86
28 420
365 522
580 325
403 121
500 455
126 238
31 172
423 33
253 368
355 119
362 145
318 66
111 140
69 477
290 19
251 359
434 390
578 280
323 568
495 104
104 477
427 376
527 79
463 417
117 342
110 461
551 272
96 59
580 76
219 512
276 42
251 433
358 378
111 170
271 550
445 330
239 52
541 561
45 52
353 239
138 60
113 163
229 502
149 98
509 421
224 218
79 239
239 317
18 509
6 486
551 200
285 77
310 442
450 157
584 474
351 363
66 56
496 377
85 545
525 223
317 264
259 551
216 18
289 282
363 264
524 550
132 285
214 74
439 424
345 270
393 529
481 116
128 395
268 235
238 20
238 381
236 262
350 436
68 553
175 378
389 393
247 138
88 206
256 580
580 54
562 316
262 187
8 517
331 82
543 243
371 300
130 173
116 553
6 552
165 63
16 433
375 487
308 583
530 236
423 229
533 257
268 90
381 171
31 553
203 455
576 250
329 252
341 373
258 403
362 450
130 4
499 303
511 313
466 80
217 498
138 138
160 330
544 461
380 15
483 94
171 373
299 408
388 440
498 401
257 401
14 133
192 139
399 358
545 22
259 261
51 130
57 148
307 91
180 301
574 260
262 244
555 151
335 402
78 193
413 335
226 219
330 299
541 197
432 484
122 102
408 576
102 169
190 525
214 220
491 520
212 94
19 48
323 561
546 143
153 307
580 400
341 524
184 521
537 510
268 22
90 410
478 315
134 5
396 555
120 17
3 14
414 45
127 125
150 210
254 502
507 137
49 169
240 311
71 580
330 194
145 259
235 411
184 299
83 495
75 470
73 129
55 499
36 190
220 413
173 38
194 284
123 409
543 314
164 95
546 408
431 115
326 146
27 313
296 281
435 26
234 420
316 340
67 491
59 329
8 330
74 472
537 55
9 137
530 423
356 25
252 188
538 305
209 337
117 553
522 332
120 325
557 555
376 36
289 193
469 51
212 317
520 90
166 76
10 325
385 249
122 45
47 386
375 501
484 275
178 550
377 324
526 290
484 170
28 53
246 191
418 437
190 436
131 586
487 566
586 487
76 118
317 497
411 69
71 479
345 505
356 537
171 282
18 125
535 407
171 255
145 460
6 529
364 489
545 367
244 138
375 182
134 354
77 582
477 440
405 86
225 513
203 449
446 26
8 508
112 571
42 550
63 283
427 363
446 126
220 308
307 305
47 108
34 505
110 202
298 252
58 432
567 13
352 398
93 470
412 169
579 247
73 119
214 414
151 250
520 150
241 316
461 26
34 42
539 122
427 83
226 184
206 40
499 229
578 11
429 148
469 85
245 433
578 225
40 208
239 508
102 505
427 95
373 29
65 396
58 53
122 554
137 581
579 304
92 93
309 86
425 202
167 196
516 503
45 104
373 442
25 551
106 37
283 267
512 523
471 241
197 460
204 522
242 3
478 187
324 477
560 139
265 148
331 567
362 434
568 13
157 271
502 472
177 449
560 461
478 122
344 335
342 511
586 390
323 386
103 378
222 559
192 141
302 69
5 498
66 42
26 371
585 464
24 506
542 510
552 315
178 547
323 85
184 82
381 312
242 557
437 212
396 75
436 568
497 336
113 376
409 178
505 538
340 259
508 201
361 320
153 79
333 535
526 469
250 540
348 220
457 205
208 18
99 443
566 281
88 564
470 273
378 80
481 560
525 404
353 475
258 438
255 563
34 38
458 361
163 492
277 366
30 441
297 241
537 240
283 279
388 370
22 61
353 423
520 10
556 506
170 445
336 159
137 563
473 579
186 136
225 376
483 146
256 586
328 293
151 409
336 340
556 135
168 245
159 463
516 447
258 473
66 522
98 349
318 453
501 487
418 451
407 527
391 444
305 97
436 358
523 132
582 51
576 356
445 279
503 198
116 500
29 442
205 510
251 330
560 483
377 88
300 30
479 25
95 404
408 248
480 238
38 538
505 258
527 200
173 528
527 187
203 531
487 325
532 224
388 195
469 504
19 383
445 352
371 575
48 80
269 196
494 343
227 570
156 517
150 351
568 451
345 244
351 121
581 398
233 143
264 41
5 376
373 553
157 579
32 416
170 556
481 125
401 424
249 171
109 465
421 10
147 208
335 567
369 326
376 404
377 142
501 109
565 362
253 204
341 85
464 399
377 536
510 323
263 558
579 179
34 223
550 204
488 67
28 33
432 418
527 521
405 352
286 323
442 406
437 129
206 61
70 339
484 95
399 249
517 510
547 110
402 36
414 115
233 524
583 139
188 83
570 312
490 158
517 317
448 353
513 558
76 176
71 527
112 351
521 371
166 398
269 360
497 219
18 236
539 543
242 58
490 55
496 94
467 484
374 330
400 449
516 84
34 232
10 262
555 96
395 206
246 44
48 2
7 91
147 355
366 535
258 278
285 142
191 529
504 427
247 512
158 372
413 38
471 527
209 175
4 358
413 346
464 387
12 473
464 50
80 269
226 365
343 32
565 553
316 126
423 194
431 217
497 283
565 75
449 260
41 262
199 367
370 329
37 369
316 310
480 151
230 53
175 248
335 556
438 389
503 567
562 241
18 389
173 504
191 546
291 120
323 579
24 519
322 39
410 263
255 220
297 341
438 406
349 120
585 140
474 526
415 221
164 215
464 518
99 196
485 557
555 93
12 349
27 380
486 274
14 197
298 131
257 367
553 178
379 58
334 253
240 299
464 167
271 452
190 194
140 543
366 393
106 280
318 460
355 252
310 360
323 421
263 261
10 295
205 535
157 577
476 437
242 511
19 3
119 579
533 4
178 111
185 429
33 81
494 580
15 422
578 40
153 71
189 76
38 413
33 330
558 131
404 283
401 253
479 185
47 490
205 38
87 272
532 512
22 444
424 268
558 284
27 131
133 286
574 299
345 257
480 149
134 219
375 395
570 164
456 232
121 380
158 104
99 102
577 309
159 327
560 415
382 84
463 553
559 198
409 453
429 10
2 389
3 385
241 314
